1	1/2	0	0	0
1	1/2	0	1	1420405800
2	1/2	0	0	0
2	1/2	0	1	177556800
2	1/2	1	0	-969043700
2	1/2	1	1	-909874200
2	3/2	1	1	10029595600
2	3/2	1	2	10053247200
3	1/2	0	0	0
3	1/2	0	1	52609400
3	1/2	1	0	-288566700
3	1/2	1	1	-271034900
3	3/2	1	1	2970292400
3	3/2	1	2	2977300300
3	3/2	2	1	2966711200
3	3/2	2	2	2970917800
3	5/2	2	2	4051100600
3	5/2	2	3	4053804000
4	1/2	0	0	0
4	1/2	0	1	22194500
4	1/2	1	0	-121977400
4	1/2	1	1	-114581200
4	3/2	1	1	1252852100
4	3/2	1	2	1255808600
4	3/2	2	1	1251303000
4	3/2	2	2	1253077600
4	5/2	2	2	1708780300
4	5/2	2	3	1709920800
4	5/2	3	2	1708161000
4	5/2	3	3	1708975800
4	7/2	3	3	1936812100
4	7/2	3	4	1937415600
5	1/2	0	0	0
5	1/2	0	1	11363600
5	1/2	1	0	-62512300
5	1/2	1	1	-58725400
5	3/2	1	1	641399600
5	3/2	1	2	642913300
5	3/2	2	1	640595900
5	3/2	2	2	641504500
5	5/2	2	2	874824300
5	5/2	2	3	875408200
5	5/2	3	2	874503800
5	5/2	3	3	874921000
5	7/2	3	3	991573300
5	7/2	3	4	991882200
5	7/2	4	3	991393400
5	7/2	4	4	991633700
5	9/2	4	4	1061623200
5	9/2	4	5	1061814300
6	1/2	0	0	0
6	1/2	0	1	6576100
6	1/2	1	0	-36195500
6	1/2	1	1	-34004000
6	3/2	1	1	371160500
6	3/2	1	2	372036500
6	3/2	2	1	370691700
6	3/2	2	2	371217500
6	5/2	2	2	506240500
6	5/2	2	3	506578400
6	5/2	3	2	506053800
6	5/2	3	3	506295200
6	7/2	3	3	573802300
6	7/2	3	4	573981100
6	7/2	4	3	573697700
6	7/2	4	4	573836800
6	9/2	4	4	614340000
6	9/2	4	5	614450600
6	9/2	5	4	614272300
6	9/2	5	5	614362900
6	11/2	5	5	641364600
6	11/2	5	6	641439800
7	1/2	0	0	0
7	1/2	0	1	4141200
7	1/2	1	0	-22801200
7	1/2	1	1	-21421200
7	3/2	1	1	233726000
7	3/2	1	2	234277600
7	3/2	2	1	233429200
7	3/2	2	2	233760400
7	5/2	2	2	318789400
7	5/2	2	3	319002200
7	5/2	3	2	318671300
7	5/2	3	3	318823400
7	7/2	3	3	361335100
7	7/2	3	4	361447700
7	7/2	4	3	361269000
7	7/2	4	4	361356600
7	9/2	4	4	386863000
7	9/2	4	5	386932600
7	9/2	5	4	386820200
7	9/2	5	5	386877300
7	11/2	5	5	403881300
7	11/2	5	6	403928600
7	11/2	6	5	403851300
7	11/2	6	6	403891400
7	13/2	6	6	416037000
7	13/2	6	7	416071300
8	1/2	0	0	0
8	1/2	0	1	2774300
8	1/2	1	0	-15278300
8	1/2	1	1	-14353800
8	3/2	1	1	156574700
8	3/2	1	2	156944300
8	3/2	2	1	156375200
8	3/2	2	2	156597100
8	5/2	2	2	213559900
8	5/2	2	3	213702400
8	5/2	3	2	213480500
8	5/2	3	3	213582400
8	7/2	3	3	242061900
8	7/2	3	4	242137400
8	7/2	4	3	242017500
8	7/2	4	4	242076200
8	9/2	4	4	259163500
8	9/2	4	5	259210100
8	9/2	5	4	259134800
8	9/2	5	5	259173000
8	11/2	5	5	270564400
8	11/2	5	6	270596100
8	11/2	6	5	270544200
8	11/2	6	6	270571100
8	13/2	6	6	278707700
8	13/2	6	7	278730700
8	13/2	7	6	278692800
8	13/2	7	7	278712700
8	15/2	7	7	284815200
8	15/2	7	8	284832500
9	1/2	0	0	0
9	1/2	0	1	1948500
9	1/2	1	0	-10732100
9	1/2	1	1	-10082800
9	3/2	1	1	109965700
9	3/2	1	2	110225300
9	3/2	2	1	109825300
9	3/2	2	2	109981100
9	5/2	2	2	149987900
9	5/2	2	3	150088000
9	5/2	3	2	149932000
9	5/2	3	3	150003600
9	7/2	3	3	170005700
9	7/2	3	4	170058600
9	7/2	4	3	169974400
9	7/2	4	4	170015600
9	9/2	4	4	182016600
9	9/2	4	5	182049300
9	9/2	5	4	181996400
9	9/2	5	5	182023200
9	11/2	5	5	190023700
9	11/2	5	6	190046000
9	11/2	6	5	190009600
9	11/2	6	6	190028400
9	13/2	6	6	195743100
9	13/2	6	7	195759200
9	13/2	7	6	195732600
9	13/2	7	7	195746600
9	15/2	7	7	200032500
9	15/2	7	8	200044700
9	15/2	8	7	200024400
9	15/2	8	8	200035200
9	17/2	8	8	203368700
9	17/2	8	9	203378300
10	1/2	0	0	0
10	1/2	0	1	1420400
10	1/2	1	0	-7824500
10	1/2	1	1	-7351200
10	3/2	1	1	80164100
10	3/2	1	2	80353300
10	3/2	2	1	80061600
10	3/2	2	2	80175100
10	5/2	2	2	109340100
10	5/2	2	3	109413100
10	5/2	3	2	109299300
10	5/2	3	3	109351500
10	7/2	3	3	123933000
10	7/2	3	4	123971600
10	7/2	4	3	123910200
10	7/2	4	4	123940200
10	9/2	4	4	132688900
10	9/2	4	5	132712800
10	9/2	5	4	132674200
10	9/2	5	5	132693700
10	11/2	5	5	138526100
10	11/2	5	6	138542400
10	11/2	6	5	138515800
10	11/2	6	6	138529500
10	13/2	6	6	142695500
10	13/2	6	7	142707200
10	13/2	7	6	142687800
10	13/2	7	7	142698000
10	15/2	7	7	145822500
10	15/2	7	8	145831400
10	15/2	8	7	145816600
10	15/2	8	8	145824400
10	17/2	8	8	148254600
10	17/2	8	9	148261500
10	17/2	9	8	148249900
10	17/2	9	9	148256100
10	19/2	9	9	150200200
10	19/2	9	10	150205800
11	1/2	0	0	0
11	1/2	0	1	1067200
11	1/2	1	0	-5879200
11	1/2	1	1	-5523500
11	3/2	1	1	60228000
11	3/2	1	2	60370200
11	3/2	2	1	60150800
11	3/2	2	2	60236200
11	5/2	2	2	82148200
11	5/2	2	3	82203100
11	5/2	3	2	82117500
11	5/2	3	3	82156700
11	7/2	3	3	93112000
11	7/2	3	4	93141100
11	7/2	4	3	93094900
11	7/2	4	4	93117400
11	9/2	4	4	99690500
11	9/2	4	5	99708400
11	9/2	5	4	99679400
11	9/2	5	5	99694100
11	11/2	5	5	104076000
11	11/2	5	6	104088200
11	11/2	6	5	104068300
11	11/2	6	6	104078600
11	13/2	6	6	107208500
11	13/2	6	7	107217400
11	13/2	7	6	107202800
11	13/2	7	7	107210500
11	15/2	7	7	109557900
11	15/2	7	8	109564600
11	15/2	8	7	109553500
11	15/2	8	8	109559400
11	17/2	8	8	111385200
11	17/2	8	9	111390400
11	17/2	9	8	111381600
11	17/2	9	9	111386300
11	19/2	9	9	112846900
11	19/2	9	10	112851200
11	19/2	10	9	112844100
11	19/2	10	10	112847900
11	21/2	10	10	114042900
11	21/2	10	11	114046400
12	1/2	0	0	0
12	1/2	0	1	822000
12	1/2	1	0	-4528700
12	1/2	1	1	-4254800
12	3/2	1	1	46390600
12	3/2	1	2	46500100
12	3/2	2	1	46331100
12	3/2	2	2	46396800
12	5/2	2	2	63274700
12	5/2	2	3	63316900
12	5/2	3	2	63251000
12	5/2	3	3	63281200
12	7/2	3	3	71719600
12	7/2	3	4	71741900
12	7/2	4	3	71706400
12	7/2	4	4	71723700
12	9/2	4	4	76786600
12	9/2	4	5	76800500
12	9/2	5	4	76778100
12	9/2	5	5	76789400
12	11/2	5	5	80164600
12	11/2	5	6	80174000
12	11/2	6	5	80158700
12	11/2	6	6	80166600
12	13/2	6	6	82577500
12	13/2	6	7	82584300
12	13/2	7	6	82573000
12	13/2	7	7	82578900
12	15/2	7	7	84387100
12	15/2	7	8	84392200
12	15/2	8	7	84383700
12	15/2	8	8	84388200
12	17/2	8	8	85794500
12	17/2	8	9	85798600
12	17/2	9	8	85791800
12	17/2	9	9	85795400
12	19/2	9	9	86920500
12	19/2	9	10	86923700
12	19/2	10	9	86918300
12	19/2	10	10	86921200
12	21/2	10	10	87841700
12	21/2	10	11	87844400
12	21/2	11	10	87839900
12	21/2	11	11	87842300
12	23/2	11	11	88609400
12	23/2	11	12	88611600
13	1/2	0	0	0
13	1/2	0	1	646500
13	1/2	1	0	-3562100
13	1/2	1	1	-3346700
13	3/2	1	1	36487300
13	3/2	1	2	36573400
13	3/2	2	1	36440400
13	3/2	2	2	36492100
13	5/2	2	2	49767000
13	5/2	2	3	49800300
13	5/2	3	2	49748400
13	5/2	3	3	49772100
13	7/2	3	3	56409200
13	7/2	3	4	56426700
13	7/2	4	3	56398800
13	7/2	4	4	56412400
13	9/2	4	4	60394500
13	9/2	4	5	60405400
13	9/2	5	4	60387800
13	9/2	5	5	60396700
13	11/2	5	5	63051400
13	11/2	5	6	63058800
13	11/2	6	5	63046700
13	11/2	6	6	63053000
13	13/2	6	6	64949200
13	13/2	6	7	64954500
13	13/2	7	6	64945700
13	13/2	7	7	64950300
13	15/2	7	7	66372500
13	15/2	7	8	66376500
13	15/2	8	7	66369800
13	15/2	8	8	66373300
13	17/2	8	8	67479500
13	17/2	8	9	67482600
13	17/2	9	8	67477300
13	17/2	9	9	67480200
13	19/2	9	9	68365000
13	19/2	9	10	68367600
13	19/2	10	9	68363300
13	19/2	10	10	68365600
13	21/2	10	10	69089600
13	21/2	10	11	69091700
13	21/2	11	10	69088200
13	21/2	11	11	69090100
13	23/2	11	11	69693400
13	23/2	11	12	69695200
13	23/2	12	11	69692200
13	23/2	12	12	69693800
13	25/2	12	12	70204300
13	25/2	12	13	70205800
14	1/2	0	0	0
14	1/2	0	1	517700
14	1/2	1	0	-2852200
14	1/2	1	1	-2679700
14	3/2	1	1	29213600
14	3/2	1	2	29282600
14	3/2	2	1	29176100
14	3/2	2	2	29217500
14	5/2	2	2	39846100
14	5/2	2	3	39872700
14	5/2	3	2	39831200
14	5/2	3	3	39850200
14	7/2	3	3	45164200
14	7/2	3	4	45178300
14	7/2	4	3	45155800
14	7/2	4	4	45166800
14	9/2	4	4	48355100
14	9/2	4	5	48363800
14	9/2	5	4	48349700
14	9/2	5	5	48356800
14	11/2	5	5	50482300
14	11/2	5	6	50488300
14	11/2	6	5	50478600
14	11/2	6	6	50483600
14	13/2	6	6	52001800
14	13/2	6	7	52006100
14	13/2	7	6	51999000
14	13/2	7	7	52002700
14	15/2	7	7	53141300
14	15/2	7	8	53144600
14	15/2	8	7	53139200
14	15/2	8	8	53142100
14	17/2	8	8	54027700
14	17/2	8	9	54030200
14	17/2	9	8	54026000
14	17/2	9	9	54028200
14	19/2	9	9	54736700
14	19/2	9	10	54738800
14	19/2	10	9	54735300
14	19/2	10	10	54737200
14	21/2	10	10	55316800
14	21/2	10	11	55318500
14	21/2	11	10	55315700
14	21/2	11	11	55317200
14	23/2	11	11	55800300
14	23/2	11	12	55801700
14	23/2	12	11	55799300
14	23/2	12	12	55800600
14	25/2	12	12	56209300
14	25/2	12	13	56210500
14	25/2	13	12	56208500
14	25/2	13	13	56209600
14	27/2	13	13	56560000
14	27/2	13	14	56561000
15	1/2	0	0	0
15	1/2	0	1	420900
15	1/2	1	0	-2319000
15	1/2	1	1	-2178700
15	3/2	1	1	23751700
15	3/2	1	2	23807800
15	3/2	2	1	23721200
15	3/2	2	2	23754800
15	5/2	2	2	32396300
15	5/2	2	3	32417900
15	5/2	3	2	32384100
15	5/2	3	3	32399600
15	7/2	3	3	36720100
15	7/2	3	4	36731500
15	7/2	4	3	36713300
15	7/2	4	4	36722200
15	9/2	4	4	39314400
15	9/2	4	5	39321500
15	9/2	5	4	39310000
15	9/2	5	5	39315800
15	11/2	5	5	41043900
15	11/2	5	6	41048700
15	11/2	6	5	41040800
15	11/2	6	6	41044900
15	13/2	6	6	42279300
15	13/2	6	7	42282700
15	13/2	7	6	42277000
15	13/2	7	7	42280000
15	15/2	7	7	43205800
15	15/2	7	8	43208400
15	15/2	8	7	43204000
15	15/2	8	8	43206300
15	17/2	8	8	43926400
15	17/2	8	9	43928500
15	17/2	9	8	43925000
15	17/2	9	9	43926800
15	19/2	9	9	44502900
15	19/2	9	10	44504500
15	19/2	10	9	44501700
15	19/2	10	10	44503200
15	21/2	10	10	44974500
15	21/2	10	11	44975900
15	21/2	11	10	44973600
15	21/2	11	11	44974800
15	23/2	11	11	45367600
15	23/2	11	12	45368700
15	23/2	12	11	45366800
15	23/2	12	12	45367800
15	25/2	12	12	45700200
15	25/2	12	13	45701100
15	25/2	13	12	45699500
15	25/2	13	13	45700400
15	27/2	13	13	45985200
15	27/2	13	14	45986100
15	27/2	14	13	45984700
15	27/2	14	14	45985400
15	29/2	14	14	46232300
15	29/2	14	15	46233000
16	1/2	0	0	0
16	1/2	0	1	346800
16	1/2	1	0	-1910800
16	1/2	1	1	-1795300
16	3/2	1	1	19570700
16	3/2	1	2	19616900
16	3/2	2	1	19545600
16	3/2	2	2	19573300
16	5/2	2	2	26693700
16	5/2	2	3	26711500
16	5/2	3	2	26683600
16	5/2	3	3	26696400
16	7/2	3	3	30256300
16	7/2	3	4	30265800
16	7/2	4	3	30250700
16	7/2	4	4	30258100
16	9/2	4	4	32394000
16	9/2	4	5	32399800
16	9/2	5	4	32390400
16	9/2	5	5	32395100
16	11/2	5	5	33819100
16	11/2	5	6	33823000
16	11/2	6	5	33816500
16	11/2	6	6	33819900
16	13/2	6	6	34837000
16	13/2	6	7	34839800
16	13/2	7	6	34835100
16	13/2	7	7	34837600
16	15/2	7	7	35600400
16	15/2	7	8	35602600
16	15/2	8	7	35598900
16	15/2	8	8	35600900
16	17/2	8	8	36194200
16	17/2	8	9	36195900
16	17/2	9	8	36193000
16	17/2	9	9	36194500
16	19/2	9	9	36669200
16	19/2	9	10	36670500
16	19/2	10	9	36668200
16	19/2	10	10	36669500
16	21/2	10	10	37057800
16	21/2	10	11	37058900
16	21/2	11	10	37057000
16	21/2	11	11	37058100
16	23/2	11	11	37381700
16	23/2	11	12	37382600
16	23/2	12	11	37381000
16	23/2	12	12	37381900
16	25/2	12	12	37655700
16	25/2	12	13	37656500
16	25/2	13	12	37655100
16	25/2	13	13	37655900
16	27/2	13	13	37890600
16	27/2	13	14	37891300
16	27/2	14	13	37890100
16	27/2	14	14	37890800
16	29/2	14	14	38094200
16	29/2	14	15	38094800
16	29/2	15	14	38093700
16	29/2	15	15	38094300
16	31/2	15	15	38272300
16	31/2	15	16	38272800
17	1/2	0	0	0
17	1/2	0	1	289100
17	1/2	1	0	-1593100
17	1/2	1	1	-1496800
17	3/2	1	1	16316200
17	3/2	1	2	16354700
17	3/2	2	1	16295200
17	3/2	2	2	16318400
17	5/2	2	2	22254600
17	5/2	2	3	22269500
17	5/2	3	2	22246300
17	5/2	3	3	22256900
17	7/2	3	3	25224800
17	7/2	3	4	25232700
17	7/2	4	3	25220200
17	7/2	4	4	25226300
17	9/2	4	4	27007000
17	9/2	4	5	27011900
17	9/2	5	4	27004000
17	9/2	5	5	27008000
17	11/2	5	5	28195100
17	11/2	5	6	28198400
17	11/2	6	5	28193000
17	11/2	6	6	28195800
17	13/2	6	6	29043800
17	13/2	6	7	29046100
17	13/2	7	6	29042200
17	13/2	7	7	29044300
17	15/2	7	7	29680200
17	15/2	7	8	29682000
17	15/2	8	7	29679000
17	15/2	8	8	29680600
17	17/2	8	8	30175200
17	17/2	8	9	30176700
17	17/2	9	8	30174300
17	17/2	9	9	30175600
17	19/2	9	9	30571300
17	19/2	9	10	30572400
17	19/2	10	9	30570500
17	19/2	10	10	30571500
17	21/2	10	10	30895300
17	21/2	10	11	30896200
17	21/2	11	10	30894600
17	21/2	11	11	30895500
17	23/2	11	11	31165300
17	23/2	11	12	31166100
17	23/2	12	11	31164700
17	23/2	12	12	31165500
17	25/2	12	12	31393800
17	25/2	12	13	31394400
17	25/2	13	12	31393300
17	25/2	13	13	31393900
17	27/2	13	13	31589600
17	27/2	13	14	31590200
17	27/2	14	13	31589200
17	27/2	14	14	31589700
17	29/2	14	14	31759300
17	29/2	14	15	31759800
17	29/2	15	14	31758900
17	29/2	15	15	31759400
17	31/2	15	15	31907800
17	31/2	15	16	31908200
17	31/2	16	15	31907500
17	31/2	16	16	31907900
17	33/2	16	16	32038800
17	33/2	16	17	32039200
18	1/2	0	0	0
18	1/2	0	1	243600
18	1/2	1	0	-1342100
18	1/2	1	1	-1260900
18	3/2	1	1	13745100
18	3/2	1	2	13777500
18	3/2	2	1	13727400
18	3/2	2	2	13746900
18	5/2	2	2	18747700
18	5/2	2	3	18760300
18	5/2	3	2	18740700
18	5/2	3	3	18749600
18	7/2	3	3	21249900
18	7/2	3	4	21256500
18	7/2	4	3	21246000
18	7/2	4	4	21251100
18	9/2	4	4	22751200
18	9/2	4	5	22755300
18	9/2	5	4	22748700
18	9/2	5	5	22752100
18	11/2	5	5	23752100
18	11/2	5	6	23754900
18	11/2	6	5	23750400
18	11/2	6	6	23752700
18	13/2	6	6	24467000
18	13/2	6	7	24469100
18	13/2	7	6	24465700
18	13/2	7	7	24467500
18	15/2	7	7	25003200
18	15/2	7	8	25004700
18	15/2	8	7	25002200
18	15/2	8	8	25003500
18	17/2	8	8	25420200
18	17/2	8	9	25421400
18	17/2	9	8	25419400
18	17/2	9	9	25420500
18	19/2	9	9	25753800
18	19/2	9	10	25754800
18	19/2	10	9	25753200
18	19/2	10	10	25754100
18	21/2	10	10	26026800
18	21/2	10	11	26027600
18	21/2	11	10	26026300
18	21/2	11	11	26027000
18	23/2	11	11	26254300
18	23/2	11	12	26254900
18	23/2	12	11	26253800
18	23/2	12	12	26254400
18	25/2	12	12	26446700
18	25/2	12	13	26447300
18	25/2	13	12	26446300
18	25/2	13	13	26446900
18	27/2	13	13	26611700
18	27/2	13	14	26612200
18	27/2	14	13	26611400
18	27/2	14	14	26611800
18	29/2	14	14	26754700
18	29/2	14	15	26755100
18	29/2	15	14	26754400
18	29/2	15	15	26754800
18	31/2	15	15	26879800
18	31/2	15	16	26880100
18	31/2	16	15	26879500
18	31/2	16	16	26879900
18	33/2	16	16	26990200
18	33/2	16	17	26990500
18	33/2	17	16	26989900
18	33/2	17	17	26990200
18	35/2	17	17	27088300
18	35/2	17	18	27088600
19	1/2	0	0	0
19	1/2	0	1	207100
19	1/2	1	0	-1141200
19	1/2	1	1	-1072100
19	3/2	1	1	11687000
19	3/2	1	2	11714600
19	3/2	2	1	11672000
19	3/2	2	2	11688500
19	5/2	2	2	15940600
19	5/2	2	3	15951300
19	5/2	3	2	15934600
19	5/2	3	3	15942200
19	7/2	3	3	18068100
19	7/2	3	4	18073800
19	7/2	4	3	18064800
19	7/2	4	4	18069200
19	9/2	4	4	19344700
19	9/2	4	5	19348200
19	9/2	5	4	19342500
19	9/2	5	5	19345400
19	11/2	5	5	20195700
19	11/2	5	6	20198100
19	11/2	6	5	20194200
19	11/2	6	6	20196200
19	13/2	6	6	20803600
19	13/2	6	7	20805300
19	13/2	7	6	20802400
19	13/2	7	7	20803900
19	15/2	7	7	21259400
19	15/2	7	8	21260700
19	15/2	8	7	21258600
19	15/2	8	8	21259700
19	17/2	8	8	21614000
19	17/2	8	9	21615000
19	17/2	9	8	21613300
19	17/2	9	9	21614200
19	19/2	9	9	21897700
19	19/2	9	10	21898500
19	19/2	10	9	21897100
19	19/2	10	10	21897900
19	21/2	10	10	22129800
19	21/2	10	11	22130400
19	21/2	11	10	22129300
19	21/2	11	11	22129900
19	23/2	11	11	22323200
19	23/2	11	12	22323700
19	23/2	12	11	22322800
19	23/2	12	12	22323300
19	25/2	12	12	22486800
19	25/2	12	13	22487300
19	25/2	13	12	22486500
19	25/2	13	13	22486900
19	27/2	13	13	22627100
19	27/2	13	14	22627500
19	27/2	14	13	22626800
19	27/2	14	14	22627200
19	29/2	14	14	22748700
19	29/2	14	15	22749000
19	29/2	15	14	22748400
19	29/2	15	15	22748700
19	31/2	15	15	22855000
19	31/2	15	16	22855300
19	31/2	16	15	22854800
19	31/2	16	16	22855100
19	33/2	16	16	22948900
19	33/2	16	17	22949200
19	33/2	17	16	22948700
19	33/2	17	17	22948900
19	35/2	17	17	23032300
19	35/2	17	18	23032600
19	35/2	18	17	23032100
19	35/2	18	18	23032400
19	37/2	18	18	23107000
19	37/2	18	19	23107200
20	1/2	0	0	0
20	1/2	0	1	177600
20	1/2	1	0	-978400
20	1/2	1	1	-919200
20	3/2	1	1	10020100
20	3/2	1	2	10043800
20	3/2	2	1	10007300
20	3/2	2	2	10021400
20	5/2	2	2	13667100
20	5/2	2	3	13676200
20	5/2	3	2	13661900
20	5/2	3	3	13668500
20	7/2	3	3	15491100
20	7/2	3	4	15496000
20	7/2	4	3	15488300
20	7/2	4	4	15492000
20	9/2	4	4	16585600
20	9/2	4	5	16588600
20	9/2	5	4	16583800
20	9/2	5	5	16586200
20	11/2	5	5	17315300
20	11/2	5	6	17317300
20	11/2	6	5	17314000
20	11/2	6	6	17315700
20	13/2	6	6	17836400
20	13/2	6	7	17837900
20	13/2	7	6	17835500
20	13/2	7	7	17836700
20	15/2	7	7	18227300
20	15/2	7	8	18228400
20	15/2	8	7	18226600
20	15/2	8	8	18227500
20	17/2	8	8	18531300
20	17/2	8	9	18532200
20	17/2	9	8	18530700
20	17/2	9	9	18531500
20	19/2	9	9	18774500
20	19/2	9	10	18775200
20	19/2	10	9	18774000
20	19/2	10	10	18774700
20	21/2	10	10	18973500
20	21/2	10	11	18974100
20	21/2	11	10	18973100
20	21/2	11	11	18973600
20	23/2	11	11	19139300
20	23/2	11	12	19139800
20	23/2	12	11	19139000
20	23/2	12	12	19139400
20	25/2	12	12	19279600
20	25/2	12	13	19280000
20	25/2	13	12	19279300
20	25/2	13	13	19279700
20	27/2	13	13	19399900
20	27/2	13	14	19400200
20	27/2	14	13	19399600
20	27/2	14	14	19400000
20	29/2	14	14	19504100
20	29/2	14	15	19504400
20	29/2	15	14	19503900
20	29/2	15	15	19504200
20	31/2	15	15	19595300
20	31/2	15	16	19595600
20	31/2	16	15	19595100
20	31/2	16	16	19595400
20	33/2	16	16	19675800
20	33/2	16	17	19676000
20	33/2	17	16	19675600
20	33/2	17	17	19675800
20	35/2	17	17	19747300
20	35/2	17	18	19747500
20	35/2	18	17	19747200
20	35/2	18	18	19747400
20	37/2	18	18	19811300
20	37/2	18	19	19811500
20	37/2	19	18	19811200
20	37/2	19	19	19811300
20	39/2	19	19	19868900
20	39/2	19	20	19869100